07468
73928
60761
61984
35143
72705
34249
56695
51254
56732
86488
18231
16938
46095
13671
09078
76163
76521
14813
58897
27850
62964
92049
11378
37900
74008
65495
01368
32470
50645
08595
24471
94734
59552
34249
19350
95380
50521
70668
39354
26866
77190
94223
45073
74175
47791
64733
86473
63647
72380
90830
29814
77709
66020
32282
46948
27042
12885
52507
64272
48021
44225
34230
28946
16302
02515
80961
80957
58049
03579
69995
73055
09634
15216
69834
32614
84603
56138
55234
94195
34484
71805
87449
33613
91101
16663
14688
79565
67366
48285
91083
42520
90325
52427
17454
85245
59613
51908
57063
45644
74028
94614
69297
57796
42384
34661
45671
19083
95556
68932
90976
72274
88529
18669
07388
78708
92626
20333
92863
85091
83122
46428
08794
91547
32835
41397
80258
51164
72549
73168
21009
41698
19084
75781
36909
55042
15723
84744
63643
39354
75829
73093
14919
02859
11072
70666
90687
03425
98361
85366
07738
39688
01857
80981
04863
19296
94673
73475
09737
06959
43616
21399
68673
75675
86547
73360
15842
16092
15456
34423
91786
51857
54873
28901
81520
77130
04870
66734
04571
18144
58014
09309
94075
69028
35757
85110
39074
43610
71059
14360
89042
40722
71349
39787
14401
19711
58473
19116
73772
15270
61280
50211
98781
71201
82197
44558
58657
54712
67300
39010
57809
31836
75920
10759
49064
44199
20077
99747
62001
31852
18712
04816
47486
55531
85392
59792
56861
65796
04503
69848
93231
84061
28390
37804
97590
16676
82254
94741
65640
05864
02454
07326
88223
00861
57484
30598
83345
19999
59425
33433
80002
71669
10446
37514
13007
40576
38623
94342
27331
04418
58747
34233
60696
19216
33426
31169
98119
11953
56746
60716
20459
68752
48029
10351
36441
06078
08702
42804
24325
90263
15708
16235
66910
52813
03699
31072
53549
57254
62803
13374
80694
12777
42142
06058
59826
22502
49840
95861
55355
68885
33730
65930
96557
96330
78618
60614
16655
29183
32463
60955
99184
48879
49789
10563
44199
55088
30873
09590
91114
44950
63050
93404
29493
55927
72993
61860
88894
34512
82276
34217
06539
62140
10706
78647
86330
36099
25173
93382
32891
24368
47947
76761
00733
27648
06230
82979
12892
81649
72389
86874
06776
13438
86111
75261
86459
32902
36541
90261
95959
58995
12312
68178
65345
37839
26245
10179
23111
51211
05447
99500
16546
33854
47235
95853
94306
64138
29889
20036
74690
54453
28006
83550
95305
24407
60779
86756
50168
86806
51211
88175
53632
60383
76194
40182
45212
16815
48326
52094
21249
94018
48333
51571
43923
56960
05695
34973
27952
29247
36695
87833
48207
63357
84457
47066
74254
58606
84098
79038
65368
00724
86234
45852
26306
33121
69683
72694
11707
27164
03111
55347
01191
29512
07044
62551
23710
79977
66973
27896
12526
95738
35631
68634
87174
07291
75521
24783
14526
20092
03112
76735
61294
10018
24079
99518
56174
67518
41264
16822
50307
07928
21961
38164
77370
61482
17901
22332
10785
74262
77003
84028
70511
46333
46975
86801
53272
79425
99457
88527
59546
69402
05680
89578
30285
94162
91474
77423
73229
91342
01792
93256
93521
17278
40883
23505
62689
79424
26523
43626
25985
29602
04296
67935
66567
70399
53991
77243
41146
19091
28285
78950
36322
19644
73637
29366
90780
20880
53856
57651
96129
13954
19788
02339
96824
77984
26590
75374
15975
11381
98799
87313
38805
42714
22065
10290
40796
47913
02490
99011
98602
26012
59258
60081
85231
41868
17626
46289
72113
56594
70230
90028
91188
62643
06814
47753
43680
88802
74048
90664
13494
19922
18697
15669
56907
81472
78162
83366
88409
40331
88956
86483
96804
18384
86055
46869
60047
47574
61611
00580
48900
62466
66608
44246
24659
37119
73635
38292
46272
17021
53054
70976
47429
35908
84159
42951
27770
73932
20719
69620
97695
96335
36428
27191
78942
65207
70391
82682
43357
65776
53571
45406
20570
65128
20142
70327
35356
98484
81198
05259
50624
46671
77704
37080
98842
46264
53757
92083
84452
45337
93648
37638
50071
46308
85028
24403
09581
04365
14164
48467
04999
11958
53865
09174
46851
13134
64259
63622
83946
57923
84172
45911
53909
45509
58339
50526
33582
00516
51275
67841
14214
61432
60740
09388
50409
36146
38297
91773
91359
70115
37783
93761
05406
47955
79916
16118
28882
45592
15889
83362
91209
63042
46584
94040
59649
58808
37317
99628
80820
24354
70671
85387
11709
83227
24174
96755
82739
66026
21976
26469
43047
95520
33697
95984
81518
39199
53320
87089
37351
44674
64725
50006
87716
15257
01055
02579
27211
24087
59833
79600
07431
54951
79305
97726
18458
98427
40116
39666
51704
33846
21671
45221
76239
15577
25446
32483
06353
35203
64153
41654
65544
52150
84765
99798
14612
50344
08127
33080
29673
07177
71175
01796
29978
88643
67574
53934
90967
76460
13415
12131
05148
05728
32955
75353
49549
37991
83361
57407
80240
92472
21159
75657
41276
62823
74315
99451
12052
31828
57528
85237
78363
52181
19785
25290
61921
72397
91619
14193
55778
45904
37754
11651
86023
97867
25165
14378
98278
06345
73043
38017
19230
15303
98979
33210
55496
33201
35052
04785
71720
07629
43592
14932
10680
77376
26012
96642
73282
86160
84977
67500
35570
06479
65215
22573
65363
63883
76741
70497
31551
65512
43267
34678
36267
67714
88535
83758
83942
46844
17325
13315
00256
04204
41260
92144
20578
68353
50730
95281
12077
39919
41452
68056
30926
60787
95133
48734
82498
02098
24930
68691
28734
28374
34936
67794
62009
41780
82979
53052
02665
06134
07616
97859
58681
11833
81957
93071
54992
79398
68093
74597
37945
42476
96496
40999
31133
70963
45826
02578
83178
44833
56695
77682
55614
81883
00249
79585
04622
63575
01335
97398
36958
32215
91997
48693
20908
53693
86140
13128
41085
32047
92003
89311
31347
06807
88260
12048
77164
33459
79128
54415
38706
78219
25313
77795
09745
20457
30918
22801
44307
79726
92477
25018
71583
98545
13797
01602
49973
21067
25832
04383
82554
20916
58316
89928
96216
97454
01976
77428
96523
05451
67069
73273
99205
77002
08551
55922
92572
58210
23416
71508
31971
12526
93230
49956
39379
58162
19965
57400
59566
46287
39646
65811
95977
78527
77854
44402
01079
26958
73209
98233
58466
94737
71560
19470
72853
83795
89590
59372
62376
23997
04357
30339
52541
25926
15424
42261
12329
19404
21694
51331
96210
75702